501064188211765249
501064196642340864
501064197632167936
501064196931330049
501064198005481472
501064198009655296
501064198059597824
501064198513000450
501064180468682752
501064199142117378
501064171707170816
501064200186118145
501064200035516416
501064201041743872
501064201251880961
501064198973960192
501064201256071168
501064202027798529
501064202245521409
501064201503113216
501064202363359232
501064202295848960
501064202380115971
501064202904403970
501064203135102977
501064203508412416
501064203516407810
501064203546148864
501064203697156096
501064204191690752
501064204288540672
501064197396914176
501064194309906436
501064204989001728
501064204980592642
501064204661850113
501064205400039424
501064205089665024
501064206666702848
501064207274868736